hudcorrs<-list(
corrin=matrix(c(
  1.0000,-0.2436,-0.1440,-0.3515, 0.2054, 0.3379, 0.3731, 0.3702, 0.3544,-0.0392,-0.2805,-0.3678,-0.3695
,-0.2436, 1.0000, 0.2384, 0.2181, 0.0686,-0.0675,-0.1689,-0.1865,-0.0958, 0.2062, 0.2483, 0.1937, 0.1889
,-0.1440, 0.2384, 1.0000, 0.2369, 0.1962, 0.0150,-0.1446,-0.1759,-0.0270, 0.3368, 0.3159, 0.1890, 0.1802
,-0.3515, 0.2181, 0.2369, 1.0000,-0.0371,-0.1109,-0.1486,-0.1527,-0.1233, 0.0678, 0.1454, 0.1541, 0.1532
, 0.2054, 0.0686, 0.1962,-0.0371, 1.0000, 0.0998, 0.0617, 0.0514, 0.0918, 0.0904, 0.0161,-0.0468,-0.0499
, 0.3379,-0.0675, 0.0150,-0.1109, 0.0998, 1.0000, 0.1862, 0.1759, 0.2070, 0.0682,-0.0834,-0.1709,-0.1743
, 0.3731,-0.1689,-0.1446,-0.1486, 0.0617, 0.1862, 1.0000, 0.4653, 0.4397,-0.0621,-0.3599,-0.4628,-0.4645
, 0.3702,-0.1865,-0.1759,-0.1527, 0.0514, 0.1759, 0.4653, 1.0000, 0.3451,-0.0884,-0.3174,-0.3823,-0.3827
, 0.3544,-0.0958,-0.0270,-0.1233, 0.0918, 0.2070, 0.4397, 0.3451, 1.0000, 0.1368,-0.3268,-0.5689,-0.5776
,-0.0392, 0.2062, 0.3368, 0.0678, 0.0904, 0.0682,-0.0621,-0.0884, 0.1368, 1.0000, 0.2139, 0.0795, 0.0713
,-0.2805, 0.2483, 0.3159, 0.1454, 0.0161,-0.0834,-0.3599,-0.3174,-0.3268, 0.2139, 1.0000, 0.0955, 0.0937
,-0.3678, 0.1937, 0.1890, 0.1541,-0.0468,-0.1709,-0.4628,-0.3823,-0.5689, 0.0795, 0.0955, 1.0000, 0.1225
,-0.3695, 0.1889, 0.1802, 0.1532,-0.0499,-0.1743,-0.4645,-0.3827,-0.5776, 0.0713, 0.0937, 0.1225, 1.0000
), nrow=13),

corrout=matrix(c(
       0,      0,      0,      0,      0,      0,      0,      0,      0,      0,      0,      0,      0
, 0.1085, 0.1343, 0.2710,      0, 0.1122, 0.1396, 0.1233, 0.0636, 0.3715, 0.2680, 0.0462,-0.0151,      0
, 0.0461, 0.1683, 0.3052,      0, 0.1050, 0.1112, 0.0448,-0.0015, 0.2764, 0.2834, 0.0629, 0.0059,      0
, 0.0351, 0.1738, 0.3102,      0, 0.1034, 0.1059, 0.0309,-0.0129, 0.2589, 0.2852, 0.0656, 0.0095,      0 
, 0.0419, 0.1704, 0.3071, 0.0358, 0.1044, 0.1092, 0.0395,-0.0058, 0.2698, 0.2841, 0.0639, 0.0072, 0.0038
,-0.3187, 0.2386, 0.2846, 0.1531,-0.0042,-0.1151,-0.4059,-0.3495,-0.4177, 0.1767, 0.1102, 0.1140, 0.1181
,-0.3142, 0.2403, 0.2893, 0.1523,-0.0015,-0.1111,-0.4005,-0.3458,-0.4063, 0.1820, 0.1106, 0.1129, 0.1169
,-0.1803, 0.2454, 0.3495, 0.1172, 0.0545,-0.0137,-0.2372,-0.2261,-0.1187, 0.2681, 0.1053, 0.0767, 0.0774
,-0.2155, 0.2496, 0.3432, 0.1280, 0.0426,-0.0367,-0.2806,-0.2590,-0.1885, 0.2539, 0.1088, 0.0868, 0.0883
,-0.1895, 0.2468, 0.3483, 0.1201, 0.0515,-0.0195,-0.2485,-0.2347,-0.1366, 0.2648, 0.1063, 0.0793, 0.0802
,-0.3161, 0.2396, 0.2874, 0.1527,-0.0026,-0.1128,-0.4028,-0.3474,-0.4111, 0.1798, 0.1105, 0.1134, 0.1174
,-0.1287,-0.1219,-0.2577, 0.0014,-0.1140,-0.1482,-0.1489,-0.0851,-0.4010,-0.2611,-0.0403, 0.0220, 0.0268
,-0.2167,-0.0597,-0.1854, 0.0426,-0.1170,-0.1817,-0.2607,-0.1806,-0.5202,-0.2179,-0.0113, 0.0531, 0.0590
), nrow=13),
vr=c("g>4,3","g>4,4","g>5,4","g>6,4","g>4,5","g>5,5","g>6,5","g>5,6","g>6,6","s3","s4","s5","s6")
)
